       0        0       0       0       0      0      0      0       0    0   0M
      61        0       0       0       0      0      0      0       0    0   0M
     122        0       0       0       0      0      0      0       0    0   0M
     122        0       0       0       9      0      1      0       0    0   0M
     122        0       0       0       9      0      1      0       0    0   0M
     122        0       0       0       2      0      1      0       0    0   0M
     122        0       0       0       5      0      1      0       0    0   0M
     122        0       0       0       0      0      0      0       0    0   0M
     122        0       0       0       0      0      0      0       0    0   0M
     122        0       0       0       0      0      1      0       0    0   0M
     122        0       0       0       1      0      0      0       0    0   0M
     122        0       0       0       0      0      0      0       0    0   0M
     122        0       0       0    2401   2283      0      0       0    0   0M
     122        0       0       0    1995   1995      0      0       0    0   0M
     122        0       0       0       0      0      0      0       0    0   0M
     123        0       0       0       0      0      0      0       0    0   0M
     122        0       0       0       0      0      0      0       0    0   0M
     122        0       0       0       0      0      0      0       0    0   0M
     122        0       0       0       0      0      0      0       0    0   0M
     122        0       0       0       0      0      0      0       0    0   0M
     122        0       0       0       0      0      0      0       0    0   0M
     122        0       0       0       0      0      0      0       0    0   0M
     122        0       0       0       0      0      0      0       0    0   0M
     122        0       0       0       0      0      0      0       0    0   0M
     122        0       0       0       0      0      0      0       0    0   0M
     122        0       0       0       0      0      0      0       0    0   0M
     122        0       0       0       0      0      0      0       0    0   0M
     122        0       0       0       0      0      0      0       0    0   0M
     122        0       0       0       0      0      0      0       0    0   0M
     123        0       0       0       0      0      0      0       0    0   0M
     122        0       0       0       0      0      0      0       0    0   0M
     122        0       0       0       0      0      0      0       0    0   0M
     122        0       0       0       0      0      0      0       0    0   0M
     122        0       0       0       0      0      0      0       0    0   0M
     122        0       0       0       0      0      0      0       0    0   0M
     122        0       0       0       0      0      0      0       0    0   0M
     122        0       0       0       0      0      0      0       0    0   0M
     122        0       0       0       0      0      0      0       0    0   0M
     122        0       0       0       0      0      0      0       0    0   0M
     122        0       0       0       0      0      0      0       0    0   0M
     122        0       0       0       0      0      0      0       0    0   0M
     122        0       0       0       0      0      0      0       0    0   0M
     122        0       0       0       0      0      0      0       0    0   0M
     122        0       0       0       0      0      0      0       0    0   0M
